
out put should be like
```sh
  001  002  003  004  005  006  007  008  009  010
  002  004  006  008  010  012  014  016  018  020
  003  006  009  012  015  018  021  024  027  030
  004  008  012  016  020  024  028  032  036  040
  005  010  015  020  025  030  035  040  045  050
  006  012  018  024  030  036  042  048  054  060
  007  014  021  028  035  042  049  056  063  070
  008  016  024  032  040  048  056  064  072  080
  009  018  027  036  045  054  063  072  081  090
  010  020  030  040  050  060  070  080  090  100

[
 [001,  002,  003,  004,  005,  006,  007,  008,  009,  010],
 [002,  004,  006,  008,  010,  012,  014,  016,  018,  020],
 [003,  006,  009,  012,  015,  018,  021,  024,  027,  030],
 [004,  008,  012,  016,  020,  024,  028,  032,  036,  040],
 [005,  010,  015,  020,  025,  030,  035,  040,  045,  050],
 [006,  012,  018,  024,  030,  036,  042,  048,  054,  060],
 [007,  014,  021,  028,  035,  042,  049,  056,  063,  070],
 [008,  016,  024,  032,  040,  048,  056,  064,  072,  080],
 [009,  018,  027,  036,  045,  054,  063,  072,  081,  090],
 [010,  020,  030,  040,  050,  060,  070,  080,  090,  100]
]
```
but it actually like
```sh
  001  002  003  004  005  006  007  008  009  010
  002  004  006  008  010  012  014  016  018  020
  003  006  009  012  015  018  021  024  027  030
  004  008  012  016  020  024  028  032  036  040
  005  010  015  020  025  030  035  040  045  050
  006  012  018  024  030  036  042  048  054  060
  007  014  021  028  035  042  049  056  063  070
  008  016  024  032  040  048  056  064  072  080
  009  018  027  036  045  054  063  072  081  090
  010  020  030  040  050  060  070  080  090  100
 001,  002,  003,  004,  005,  006,  007,  008,  009,  010,
 002,  004,  006,  008,  010,  012,  014,  016,  018,  020,
 003,  006,  009,  012,  015,  018,  021,  024,  027,  030,
 004,  008,  012,  016,  020,  024,  028,  032,  036,  040,
 005,  010,  015,  020,  025,  030,  035,  040,  045,  050,
 006,  012,  018,  024,  030,  036,  042,  048,  054,  060,
 007,  014,  021,  028,  035,  042,  049,  056,  063,  070,
 008,  016,  024,  032,  040,  048,  056,  064,  072,  080,
 009,  018,  027,  036,  045,  054,  063,  072,  081,  090,
 010,  020,  030,  040,  050,  060,  070,  080,  090,  100,
```001 002 0 2500 2500 2















































01 02 03 04 05 06 07 08 09 10 
02 04 06 08 10 12 14 16 18 20 
03 06 09 12 15 18 21 24 27 30 
04 08 12 16 20 24 28 32 36 40 
05 10 15 20 25 30 35 40 45 50 
06 12 18 24 30 36 42 48 54 60 
07 14 21 28 35 42 49 56 63 70 
08 16 24 32 40 48 56 64 72 80 
09 18 27 36 45 54 63 72 81 90 
10 20 30 40 50 60 70 80 90 100 
01 02 03 04 05 06 07 08 09 10 
02 04 06 08 10 12 14 16 18 20 
03 06 09 12 15 18 21 24 27 30 
04 08 12 16 20 24 28 32 36 40 
05 10 15 20 25 30 35 40 45 50 
06 12 18 24 30 36 42 48 54 60 
07 14 21 28 35 42 49 56 63 70 
08 16 24 32 40 48 56 64 72 80 
09 18 27 36 45 54 63 72 81 90 
10 20 30 40 50 60 70 80 90 100 
